# Day Trade Like A Pro
# 584 S State Street, Orem, Utah 84058, United States

October 8 2021 

ES

KP- 4906.75 4900.0 4873.75 4846.25 4799.25 4779.5 4751.5 4726.0 4703.25 4681.0 4656.25 4646.5 4582.0 4541.5 4525.25 4516.75 4483.25 4426.5 4415.25 4377.0 4358.25 4352.5 4345.5 4324.75 4304.5 4299.25 4297.5 4283.0 4281.5 4277.0 4266.75 4250.25 4242.5 4202.0 4173.75 4152.5 4146.75 4142.5 4125.5 4102.5 4096.0 4081.0 4053.0 4051.0 3999.0 3955.0 3951.75 3941.25 3897.0 

CP- 4909.0 4870.75 4839.0 4833.25 4790.75 4731.5 4718.75 4690.0 4671.25 4661.25 4594.5 4571.5 4539.25 4535.75 4533.25 4520.0 4512.0 4436.25 4410.75 4389.5 4385.25 4362.0 4338.0 4330.75 4321.0 4291.5 4285.0 4233.0 4231.5 4228.5 4220.0 4213.75 4211.75 4113.0 4109.0 4023.5 4021.75 4010.25 3994.25 3936.0 3892.5 3889.25 3873.0 


NQ

KP- 16100.0 16049.5 16032.75 15978.5 15959.0 15931.75 15913.25 15845.0 15788.75 15680.25 15581.75 15482.0 15383.25 15240.0 15186.0 15133.0 15111.5 15099.0 15055.0 15046.0 15022.5 14951.5 14939.0 14924.0 14908.75 14891.25 14859.0 14848.5 14776.5 14758.75 14740.5 14690.0 14682.0 14653.0 14617.75 14477.25 14460.5 14432.5 14413.75 14373.0 14267.5 14245.75 14204.5 14134.5 14091.5 14022.0 13852.0 13785.75 13722.0 13708.5 13682.75 

CP- 15654.25 15534.75 15408.75 15307.5 14999.0 14839.0 14590.25 14424.75 14305.0 14078.5 13872.75 

October 11 2021 

ES

KP- 4855.25 4849.5 4826.25 4757.0 4724.75 4696.25 4676.25 4664.75 4653.5 4600.25 4577.75 4546.75 4544.5 4541.0 4525.25 4427.5 4396.25 4378.25 4375.75 4365.0 4354.25 4351.0 4325.5 4305.0 4302.5 4295.25 4282.25 4276.0 4248.0 4228.25 4217.0 4206.5 4197.0 4151.5 4141.75 4127.5 4116.5 4100.5 4095.25 4079.25 4054.25 4051.25 4048.0 4016.0 4002.0 3951.75 3941.5 

CP- 4839.75 4811.75 4786.25 4760.5 4738.0 4732.5 4729.0 4687.5 4587.5 4569.25 4533.0 4531.0 4522.0 4510.5 4488.25 4421.25 4409.0 4394.0 4369.25 4362.75 4337.0 4333.0 4321.75 4308.5 4288.75 4285.75 4270.5 4231.25 4213.75 4192.0 4172.0 4169.25 4120.5 4111.75 4090.25 4021.0 4008.5 3968.5 3938.5 


NQ

KP- 16013.75 15979.5 15955.5 15932.5 15873.5 15808.5 15732.75 15707.25 15680.25 15637.0 15527.5 15499.0 15398.0 15369.5 15223.0 15162.25 15073.25 15043.25 14975.0 14951.25 14934.0 14924.25 14912.25 14882.25 14857.5 14803.25 14756.0 14668.5 14641.5 14504.5 14475.0 14439.25 14341.0 14325.0 14259.25 14251.25 14234.5 14115.5 14071.75 13946.0 13921.5 13849.0 13783.25 

CP- 15290.5 15119.75 15106.75 14996.5 14901.75 14794.0 14696.75 14427.75 14054.25 

October 12 2021 

ES

KP- 4846.5 4744.5 4702.25 4681.25 4605.75 4584.0 4552.25 4550.0 4546.5 4527.25 4478.75 4416.25 4403.0 4400.5 4380.25 4374.5 4349.5 4346.5 4302.0 4299.25 4284.0 4279.5 4275.0 4266.25 4245.75 4228.25 4182.0 4179.75 4164.75 4150.5 4142.0 4107.5 4098.5 4077.5 4057.5 4049.75 4045.5 4008.0 4006.25 3951.75 3942.75 3928.0 3898.0 

CP- 4864.0 4861.75 4824.25 4793.0 4787.75 4769.25 4761.75 4739.25 4731.25 4713.75 4693.25 4673.25 4667.75 4660.75 4593.0 4536.75 4532.75 4530.5 4509.0 4493.5 4429.75 4384.5 4371.5 4367.5 4362.0 4330.0 4328.5 4312.5 4292.0 4290.0 4231.25 4213.5 4191.5 4136.75 4131.0 4110.75 4094.5 4071.5 4018.5 4010.0 3936.0 


NQ

KP- 15905.0 15828.25 15734.25 15706.5 15387.25 15355.75 15273.5 15159.0 15140.75 15091.5 15080.25 14994.0 14958.75 14939.5 14929.0 14916.0 14906.5 14868.75 14854.75 14811.75 14771.5 14761.75 14739.25 14684.25 14650.0 14532.0 14453.5 14442.0 14410.5 14332.25 14309.0 14272.75 14235.0 14166.75 14096.75 14030.0 13939.0 13825.25 13800.75 13781.0 13703.0 13676.25 13655.5 

CP- 15692.25 15520.25 15206.0 15040.5 14876.0 14798.5 14711.5 14593.0 14489.5 14217.75 

October 13 2021 

ES

KP- 4799.75 4783.0 4778.25 4766.25 4751.0 4749.5 4699.5 4681.75 4598.5 4557.5 4555.25 4551.75 4542.5 4507.5 4498.5 4404.0 4396.25 4366.5 4364.75 4354.75 4348.25 4328.0 4303.5 4301.5 4296.75 4276.75 4274.0 4247.5 4243.75 4228.25 4167.0 4153.25 4149.5 4101.25 4098.5 4096.75 4084.0 4076.5 4052.75 4048.0 4043.0 4016.0 4007.5 4004.25 3951.75 3942.0 3917.0 3914.75 3882.5 

CP- 4818.5 4791.0 4740.0 4737.75 4708.5 4685.75 4667.75 4611.25 4590.25 4535.75 4532.5 4530.0 4485.75 4439.25 4411.25 4393.5 4390.75 4373.25 4338.75 4334.25 4323.0 4320.0 4294.25 4267.75 4231.25 4213.25 4160.25 4136.0 4131.75 4112.0 4109.75 4093.75 3933.5 


NQ

KP- 15761.25 15747.5 15732.75 15639.75 15376.5 15343.0 15256.25 15189.0 15161.5 15116.5 15054.0 14991.5 14947.5 14927.0 14912.25 14869.75 14861.5 14852.5 14829.75 14802.25 14787.0 14729.5 14669.25 14598.75 14559.5 14544.5 14503.75 14456.25 14320.5 14277.0 14110.25 14099.0 14031.25 14005.75 13853.75 13786.0 13778.5 13734.25 13720.75 13700.25 13655.5 13634.5 13624.0 

CP- 15513.0 15037.75 14901.0 14712.5 14700.0 14626.25 14467.75 14218.75 14078.0 13806.25 13673.0 

October 14 2021 

ES

KP- 4806.5 4766.25 4757.75 4744.0 4714.75 4705.5 4675.0 4616.75 4604.25 4596.5 4581.25 4557.0 4552.25 4548.25 4541.0 4506.0 4503.75 4448.75 4416.75 4406.25 4376.75 4358.0 4352.75 4347.75 4343.5 4341.25 4327.75 4318.0 4301.25 4298.75 4280.0 4274.0 4257.25 4241.5 4155.75 4152.25 4148.5 4126.75 4095.0 4082.0 4074.0 4054.5 4046.5 4007.0 4002.25 3998.5 3951.5 3901.5 3878.25 

CP- 4787.25 4760.0 4690.5 4631.5 4563.0 4560.5 4537.75 4532.25 4423.5 4414.25 4390.0 4386.5 4372.0 4338.75 4331.0 4311.5 4294.25 4263.5 4259.25 4231.25 4228.75 4213.25 4140.5 4108.5 4093.0 4089.5 4040.5 4034.0 4013.5 3963.25 3930.75 3919.5 3891.25 


NQ

KP- 15803.0 15788.0 15759.0 15527.25 15505.75 15365.75 15328.0 15250.75 15239.0 15182.25 15172.0 15149.75 15128.0 15094.0 15027.5 14989.0 14966.5 14931.5 14918.5 14908.25 14895.25 14863.5 14850.25 14816.75 14802.5 14752.5 14729.0 14719.75 14682.25 14667.25 14601.0 14555.25 14536.25 14518.25 14496.0 14482.0 14245.0 14230.75 14202.5 14031.0 14002.75 13981.5 13777.75 13697.25 13677.75 13633.0 13620.75 13588.5 

CP- 15035.0 14791.0 14624.75 14586.75 14470.25 14059.25 14013.5 13669.75 

October 15 2021 

ES

KP- 4907.75 4880.5 4866.0 4849.5 4796.25 4750.5 4699.0 4682.25 4627.0 4602.75 4566.0 4554.0 4546.25 4543.0 4540.75 4504.5 4466.5 4458.25 4443.0 4401.0 4383.5 4381.25 4379.5 4352.5 4345.5 4343.25 4305.75 4303.0 4300.0 4253.25 4247.75 4243.0 4228.25 4151.25 4147.5 4115.0 4107.5 4100.0 4080.5 4052.0 4044.75 4015.25 4006.5 4000.25 3951.5 3928.0 

CP- 4891.25 4861.75 4834.0 4813.25 4792.5 4770.25 4764.25 4720.75 4711.75 4632.5 4622.5 4609.75 4568.25 4562.5 4532.0 4508.75 4437.75 4433.25 4423.5 4389.25 4370.75 4340.5 4336.75 4323.25 4313.0 4291.5 4285.25 4272.0 4239.25 4237.5 4231.25 4213.0 4210.0 4137.5 4121.75 4093.0 4072.25 4038.0 4032.5 4011.0 3992.5 3922.25 3888.0 


NQ

KP- 16051.0 16014.75 15999.25 15985.25 15887.75 15785.25 15711.5 15498.5 15355.0 15266.25 15222.0 15155.0 15146.25 15071.5 15046.25 15016.25 14986.5 14975.0 14943.5 14930.5 14913.5 14889.75 14864.75 14848.0 14818.0 14772.0 14752.25 14731.25 14702.75 14662.25 14614.0 14532.75 14502.25 14484.5 14447.5 14186.0 14140.75 14040.5 13963.0 13840.0 13754.0 

CP- 16061.25 15858.25 15815.0 15314.25 15247.5 15203.25 15032.25 15001.25 14904.25 14710.0 14622.0 14213.0 13895.5 13773.75 

October 18 2021 

ES

KP- 4901.5 4899.5 4878.75 4874.25 4805.25 4780.5 4757.0 4727.0 4717.75 4707.5 4683.75 4628.0 4615.25 4573.75 4551.5 4548.25 4545.0 4503.0 4481.5 4464.75 4396.0 4377.25 4347.75 4345.75 4342.5 4325.25 4315.5 4308.0 4300.5 4294.75 4276.25 4251.25 4243.0 4228.25 4226.75 4195.0 4146.75 4116.75 4106.5 4052.0 4043.25 4006.0 3998.0 3996.5 

CP- 4914.5 4911.25 4872.5 4839.0 4820.0 4818.75 4770.75 4689.25 4631.5 4609.0 4571.25 4567.75 4559.75 4531.75 4514.0 4470.5 4467.75 4462.5 4430.5 4386.0 4372.5 4369.5 4363.75 4333.5 4310.5 4289.0 4271.0 4268.5 4237.25 4231.25 4212.75 4191.5 4122.5 4091.5 4089.5 4073.5 4071.5 4035.5 4022.0 4010.5 4008.5 3986.75 


NQ

KP- 16081.75 16032.5 16013.25 15913.5 15895.5 15842.0 15811.5 15491.25 15362.5 15345.25 15300.25 15235.5 15224.0 15164.5 15138.0 15049.0 15029.5 15021.0 14984.0 14975.0 14949.0 14908.5 14884.25 14851.0 14748.5 14727.25 14653.0 14641.5 14595.5 14576.75 14547.25 14510.5 14498.75 14403.5 14327.25 14169.75 14050.75 

CP- 15281.75 15205.0 15124.5 15101.25 15004.0 14900.5 14833.5 14714.75 14700.25 14181.0 

October 19 2021 


ES

KP- 4879.0 4845.0 4826.75 4777.5 4716.0 4696.5 4615.25 4579.0 4576.5 4565.5 4556.75 4553.5 4549.5 4501.5 4482.0 4477.5 4475.5 4425.5 4375.0 4365.5 4354.75 4352.25 4350.0 4342.75 4326.25 4315.0 4307.75 4303.0 4299.0 4279.25 4267.0 4265.75 4254.5 4228.25 4225.75 4152.5 4145.5 4142.25 4107.5 4105.25 4047.0 4041.5 

CP- 4887.0 4814.0 4790.75 4763.5 4735.0 4733.25 4724.0 4636.0 4633.5 4620.75 4573.0 4535.75 4533.75 4531.5 4519.0 4484.5 4462.0 4437.25 4391.0 4371.0 4368.25 4337.75 4311.5 4286.75 4270.0 4235.0 4232.75 4212.75 4210.25 4172.75 4111.75 4090.75 4068.75 4064.0 4062.5 4033.0 4024.0 


NQ

KP- 16079.5 16050.5 16041.25 15968.75 15869.0 15837.75 15484.0 15333.5 15297.25 15187.75 15026.75 14981.5 14967.25 14948.5 14849.0 14799.5 14789.25 14762.5 14730.75 14690.5 14682.25 14674.75 14603.25 14561.5 14531.5 14512.75 14350.5 14153.5 

CP- 16225.0 16102.25 16062.25 15927.25 15619.5 15450.0 15286.5 15244.75 15121.0 15103.75 14995.75 14903.25 14878.5 14304.75 14213.25 

October 20 2021 

ES

KP- 4928.0 4917.25 4899.5 4849.5 4801.0 4784.0 4724.75 4703.75 4640.75 4626.25 4582.0 4578.25 4553.75 4516.5 4508.0 4501.5 4478.75 4475.25 4444.0 4395.0 4367.0 4364.75 4356.5 4341.5 4315.75 4300.0 4298.25 4277.75 4258.0 4228.0 4215.25 4154.0 4144.5 4106.75 4104.25 4067.0 4053.5 

CP- 4937.25 4922.5 4885.5 4871.25 4833.5 4823.0 4786.25 4769.75 4739.5 4730.0 4621.5 4590.0 4587.5 4584.5 4571.25 4562.0 4558.75 4531.25 4524.25 4514.5 4510.0 4486.75 4459.25 4421.5 4386.25 4358.5 4330.75 4319.5 4284.5 4269.0 4263.0 4232.75 4222.5 4212.5 4194.0 4137.75 4110.0 4092.75 4090.0 4087.5 4039.75 


NQ

KP- 16347.0 16122.75 16093.5 15896.0 15876.5 15863.75 15664.5 15540.75 15499.25 15476.75 15419.25 15337.0 15322.75 15272.75 15170.5 15083.25 15041.75 15024.0 14985.5 14970.75 14922.25 14864.5 14841.5 14830.0 14778.25 14767.5 14747.0 14680.75 14637.5 14576.0 14553.5 14539.0 14527.0 

CP- 16271.75 16263.75 16069.5 16024.0 15947.0 15312.5 15201.0 15104.0 15004.0 14996.25 14898.0 14873.0 14696.25 14486.0 14462.0 

October 21 2021 

ES

KP- 4926.25 4897.5 4854.75 4776.25 4745.5 4645.25 4641.25 4627.5 4583.75 4577.0 4558.0 4553.75 4541.0 4515.5 4498.5 4496.25 4482.75 4456.5 4451.0 4417.5 4399.75 4397.5 4380.75 4365.75 4351.5 4297.5 4284.0 4282.0 4248.75 4228.0 4204.75 4177.5 4143.5 

CP- 4912.0 4892.25 4840.25 4837.5 4832.0 4811.5 4790.5 4736.25 4733.25 4710.75 4631.75 4589.75 4587.25 4572.75 4567.5 4564.0 4531.75 4529.25 4521.0 4473.0 4372.75 4361.0 4358.5 4340.0 4324.25 4320.0 4312.0 4293.0 4269.25 4261.5 4236.5 4231.25 4212.25 4135.25 4133.25 


NQ

KP- 16301.75 16146.5 16125.0 16097.5 16087.0 16079.5 15966.75 15890.0 15879.25 15814.25 15638.5 15486.0 15469.5 15438.25 15355.75 15328.0 15258.75 15219.5 15153.5 15087.0 15062.5 15021.25 14981.5 14972.5 14945.5 14935.5 14895.75 14870.75 14763.0 14735.5 14723.5 14671.0 14597.0 14553.25 14541.25 14503.75 14440.75 

CP- 16133.5 15922.75 15410.0 15312.0 15286.5 15003.75 14880.0 14839.25 14794.25 

October 22 2021 

ES

KP- 4898.75 4847.0 4841.0 4797.0 4782.75 4751.75 4742.25 4718.0 4698.5 4695.0 4650.25 4618.25 4595.25 4582.75 4578.0 4554.75 4543.0 4505.75 4497.0 4457.75 4453.5 4404.25 4381.75 4375.75 4365.5 4352.0 4344.5 4317.25 4304.75 4297.0 4279.5 4267.0 4265.0 4257.5 4215.0 4202.0 

CP- 4888.75 4860.0 4821.75 4637.25 4633.75 4593.0 4589.0 4572.75 4569.25 4562.5 4540.5 4534.25 4531.25 4514.5 4487.0 4470.75 4413.5 4408.75 4372.5 4338.5 4328.75 4324.5 4288.0 4284.5 4270.25 4260.75 4239.75 4231.25 4228.5 4212.0 4194.25 4161.25 


NQ

KP- 16170.5 16156.5 16125.5 16094.0 16072.75 15986.5 15949.75 15916.25 15736.25 15635.0 15477.0 15462.25 15440.5 15430.0 15419.25 15401.0 15343.5 15237.75 15136.5 15079.25 15070.0 15042.0 15022.0 14974.0 14959.0 14948.75 14920.25 14911.5 14895.5 14884.75 14869.5 14861.75 14828.0 14809.75 14779.25 14751.0 14703.75 14661.25 14605.0 14567.75 14558.25 14548.0 14454.0 

CP- 16331.75 16134.75 16106.5 15610.0 15307.25 15245.0 14837.0 

October 25 2021 

ES

KP- 4865.25 4853.75 4849.75 4803.5 4758.0 4752.75 4750.5 4748.75 4725.25 4655.75 4642.75 4615.25 4600.75 4598.0 4578.25 4574.5 4543.25 4515.25 4495.5 4482.25 4450.75 4380.0 4375.25 4345.75 4297.5 4283.0 4277.25 4266.0 4256.5 4254.75 4252.25 4228.0 4226.25 4183.75 

CP- 4832.0 4789.25 4663.75 4640.0 4632.0 4594.25 4588.5 4561.25 4539.5 4530.75 4513.5 4468.5 4464.5 4420.0 4409.5 4390.75 4370.75 4363.25 4337.5 4333.25 4328.75 4310.5 4231.25 4212.0 4193.75 4191.75 


NQ

KP- 16194.5 16184.25 16153.5 16125.75 16006.25 15976.75 15834.0 15784.25 15755.5 15525.25 15470.0 15455.0 15421.75 15391.75 15371.25 15359.0 15328.0 15256.0 15231.25 15098.0 15053.0 15021.5 14971.5 14952.25 14936.5 14925.25 14911.0 14895.0 14882.75 14862.0 14843.25 14825.25 14778.5 14672.0 14651.5 14619.5 14582.0 14569.5 14519.5 14503.25 

CP- 15942.5 15537.5 15443.25 15290.5 15119.25 15040.5 14834.75 14795.5 


October 26 2021 

ES

KP- 4842.25 4807.0 4802.5 4795.5 4754.5 4652.25 4648.25 4646.25 4606.0 4603.25 4601.5 4599.75 4583.25 4579.75 4565.5 4548.0 4544.5 4542.75 4524.75 4466.0 4448.0 4405.5 4399.75 4374.5 4365.5 4303.75 4295.75 4278.0 4275.0 4265.0 4252.0 4243.75 4228.0 

CP- 4870.5 4860.5 4858.75 4810.25 4764.0 4759.0 4732.25 4709.25 4671.25 4661.5 4594.25 4571.5 4530.25 4512.5 4494.0 4486.25 4471.5 4431.25 4413.5 4387.5 4362.0 4339.5 4336.0 4333.0 4330.5 4290.5 4269.0 4231.25 4224.25 4221.5 4211.75 


NQ

KP- 16245.25 16219.25 16204.75 16181.75 16145.0 16003.75 15968.75 15933.25 15901.0 15541.25 15468.75 15423.0 15383.75 15374.5 15349.0 15279.75 15217.25 15116.75 15058.75 15013.0 14988.75 14969.0 14926.5 14914.0 14869.75 14850.5 14841.0 14816.75 14805.75 14641.75 14633.75 14596.25 14583.75 

CP- 16026.0 15655.75 15610.25 15447.75 15413.5 15102.0 15036.0 15000.75 14901.5 14877.5 14832.5 


October 27 2021 

ES

KP- 4875.5 4856.25 4852.5 4816.75 4802.0 4754.75 4667.0 4653.75 4625.0 4605.0 4600.0 4581.25 4549.75 4542.5 4478.25 4445.25 4442.5 4418.25 4401.75 4395.0 4379.0 4342.5 4297.0 4295.0 4283.25 

CP- 4867.75 4861.25 4770.25 4767.5 4760.75 4739.5 4710.5 4689.25 4638.0 4611.5 4608.75 4592.75 4588.5 4585.0 4569.75 4534.25 4530.0 4511.5 4492.5 4490.25 4463.75 4408.75 4360.75 4337.25 4334.5 4323.5 4273.0 


NQ

KP- 16421.25 16300.5 16250.75 16242.0 16209.75 16164.25 16082.25 16046.5 16030.5 15995.0 15774.0 15683.75 15566.25 15505.0 15456.5 15440.5 15390.0 15373.5 15292.5 15269.0 15135.75 15085.0 15077.0 15019.0 15010.25 14980.25 14966.5 14942.0 14929.5 14891.5 14856.75 14845.0 14807.25 

CP- 16436.5 16225.0 15700.75 15536.75 15405.25 15203.5 15033.75 14877.75 14833.0 14790.5 

October 28 2021 

ES

KP- 4800.25 4776.5 4766.75 4749.5 4746.5 4726.25 4648.5 4627.5 4624.75 4616.75 4607.5 4605.75 4566.25 4554.75 4543.75 4453.75 4442.5 4417.75 4402.5 4397.75 4383.25 4355.5 4347.0 4341.5 4326.75 4324.75 4316.5 4276.25 

CP- 4823.25 4808.5 4737.75 4672.5 4669.75 4659.25 4618.5 4614.0 4610.25 4593.75 4590.25 4563.5 4529.75 4510.5 4491.0 4485.0 4461.5 4422.75 4359.5 4333.0 4294.5 4290.25 4270.0 4268.5 4263.0 


NQ

KP- 16451.25 16282.25 16245.5 16237.75 16192.0 16183.5 16175.0 16057.5 15892.25 15864.5 15779.75 15663.5 15599.75 15433.25 15397.25 15382.5 15364.5 15258.25 15189.75 15154.5 15095.25 15074.5 15024.0 15007.5 14964.0 14860.5 14843.75 14828.25 14819.5 14801.0 14764.0 

CP- 16471.5 16356.0 16266.0 16127.25 16065.75 16021.25 15700.5 15532.0 15449.75 15405.5 15310.75 14872.25 

October 29 2021 

ES

KP- 4880.5 4845.75 4815.0 4782.5 4753.75 4742.5 4701.75 4678.0 4665.0 4656.75 4615.75 4599.0 4595.5 4565.75 4553.25 4550.25 4542.25 4465.0 4427.25 4358.25 4351.75 4346.0 4328.25 4283.25 

CP- 4873.25 4830.0 4788.75 4784.75 4772.75 4763.25 4671.75 4638.0 4633.75 4622.25 4619.25 4611.5 4589.5 4560.0 4529.5 4509.5 4492.0 4489.5 4459.25 4439.75 4410.0 4393.75 4387.75 4331.75 4320.5 4309.5 4294.0 4271.75 4269.0 4267.75 4263.0 


NQ

KP- 16529.5 16511.0 16483.0 16466.5 16345.0 16322.75 16313.75 16294.0 16286.5 16210.5 16073.5 15949.5 15784.75 15773.5 15765.5 15607.0 15522.75 15436.25 15418.75 15380.75 15347.25 15236.75 15192.0 15162.0 15132.0 15059.5 14988.5 14968.0 14959.0 14918.5 14861.25 14828.25 

CP- 16226.0 16128.75 16111.5 15858.5 15700.25 15033.5 15002.0 14903.75 14876.25 

November 1 2021 

ES

KP- 4883.5 4828.0 4800.5 4779.0 4747.25 4695.25 4683.75 4657.5 4627.5 4624.75 4617.25 4604.25 4600.75 4579.25 4565.0 4542.0 4498.75 4476.25 4457.0 4417.5 4357.0 4350.25 4345.25 4302.5 

CP- 4836.5 4821.25 4793.25 4788.75 4761.0 4733.75 4688.75 4671.0 4669.5 4660.0 4621.0 4611.25 4589.5 4586.5 4562.75 4537.0 4529.25 4508.5 4488.0 4437.0 4435.75 4432.0 4392.25 4389.75 4331.75 4314.25 4293.25 


NQ

KP- 16604.25 16529.5 16511.0 16483.0 16466.5 16345.0 16322.75 16313.75 16294.0 16286.5 16210.5 16073.5 15949.5 15784.75 15773.5 15679.25 15522.75 15436.25 15418.75 15380.75 15347.25 15236.75 15192.0 15162.0 15132.0 15059.5 14988.5 14968.0 14959.0 14918.5 14861.25 14828.25 

CP- 16542.0 16226.0 16128.75 16111.5 15858.5 15700.25 15033.5 15002.0 14903.75 14876.25 
